Global Surface Air Temperature Anomaly (C) (Base: 1951-1980)
------------------------------------------------------------
 Year  Annual_Mean 5-year_Mean
--------------------------------
 1880     -0.55         *
 1881     -0.55         *
 1882     -0.46     -0.58
 1883     -0.53     -0.60
 1884     -0.80     -0.63
 1885     -0.64     -0.70
 1886     -0.75     -0.71
 1887     -0.80     -0.62
 1888     -0.56     -0.62
 1889     -0.34     -0.60
 1890     -0.66     -0.56
 1891     -0.66     -0.58
 1892     -0.60     -0.61
 1893     -0.64     -0.57
 1894     -0.51     -0.51
 1895     -0.43     -0.44
 1896     -0.37     -0.40
 1897     -0.28     -0.37
 1898     -0.44     -0.33
 1899     -0.36     -0.30
 1900     -0.20     -0.32
 1901     -0.20     -0.32
 1902     -0.40     -0.37
 1903     -0.46     -0.40
 1904     -0.57     -0.42
 1905     -0.39     -0.46
 1906     -0.29     -0.46
 1907     -0.58     -0.43
 1908     -0.44     -0.43
 1909     -0.46     -0.46
 1910     -0.39     -0.42
 1911     -0.41     -0.41
 1912     -0.39     -0.34
 1913     -0.38     -0.29
 1914     -0.13     -0.28
 1915     -0.12     -0.31
 1916     -0.36     -0.33
 1917     -0.56     -0.35
 1918     -0.49     -0.40
 1919     -0.24     -0.37
 1920     -0.32     -0.31
 1921     -0.21     -0.28
 1922     -0.30     -0.29
 1923     -0.32     -0.28
 1924     -0.28     -0.26
 1925     -0.31     -0.25
 1926     -0.10     -0.21
 1927     -0.23     -0.24
 1928     -0.16     -0.22
 1929     -0.39     -0.22
 1930     -0.21     -0.20
 1931     -0.12     -0.22
 1932     -0.13     -0.17
 1933     -0.27     -0.18
 1934     -0.12     -0.18
 1935     -0.25     -0.16
 1936     -0.12     -0.10
 1937     -0.02     -0.10
 1938      0.04     -0.04
 1939     -0.13     -0.01
 1940      0.05     -0.00
 1941      0.02     -0.01
 1942      0.02      0.02
 1943     -0.03     -0.01
 1944      0.03     -0.04
 1945     -0.11     -0.04
 1946     -0.10     -0.05
 1947      0.03     -0.08
 1948     -0.09     -0.10
 1949     -0.12     -0.10
 1950     -0.23     -0.11
 1951     -0.08     -0.08
 1952     -0.04     -0.09
 1953      0.05     -0.07
 1954     -0.14     -0.10
 1955     -0.13     -0.09
 1956     -0.24     -0.08
 1957      0.02     -0.05
 1958      0.07     -0.02
 1959      0.04      0.04
 1960     -0.02      0.04
 1961      0.08      0.03
 1962      0.02     -0.03
 1963      0.02     -0.06
 1964     -0.25     -0.09
 1965     -0.17     -0.10
 1966     -0.07     -0.12
 1967     -0.02     -0.07
 1968     -0.10     -0.02
 1969      0.01     -0.02
 1970      0.07     -0.02
 1971     -0.07      0.04
 1972     -0.02      0.03
 1973      0.23      0.02
 1974     -0.04      0.00
 1975      0.02      0.05
 1976     -0.17      0.03
 1977      0.21      0.08
 1978      0.14      0.14
 1979      0.20      0.26
 1980      0.34      0.25
 1981      0.43      0.30
 1982      0.13      0.30
 1983      0.39      0.27
 1984      0.21      0.23
 1985      0.19      0.29
 1986      0.25      0.31
 1987      0.40      0.35
 1988      0.51      0.41
 1989      0.37      0.47
 1990      0.53      0.43
 1991      0.52      0.38
 1992      0.23      0.38
 1993      0.26      0.39
 1994      0.37      0.38
 1995      0.55      0.44
 1996      0.47      0.55
 1997      0.53      0.59
 1998      0.83      0.60
 1999      0.58      0.63
 2000      0.56      0.68
 2001      0.66      0.67
 2002      0.78      0.69
 2003      0.76      0.75
 2004      0.67      0.76
 2005      0.86      0.77
 2006      0.75      0.75
 2007      0.84      0.77
 2008      0.63      0.78
 2009      0.76      0.78
 2010      0.90      0.76
 2011      0.76      0.79
 2012      0.75      0.81
 2013      0.79      0.82
 2014      0.85      0.91
 2015      0.95         *
 2016      1.23         *

------------------------------------
